0.052540765437775444
0.03401360306049607
0.02761047301247504
0.056658351346481305
0.05778330386429728
0.005166513137179434
0.0017556980215600365
0.020840721974625182
0.011784652599917312
0.038568723178761845
-0.023103217681463395
-0.0011642420453701961
-0.009786410407278161
0.01607221516496282
0.006719179755229899
-0.004142120608428675
0.005421385610396882
0.026690102495712895
0.025608461776945854
-0.009411968304267526
0.0016724045171089856
0.0009349768548277292
0.0021212237240111047
0.017743094189872573
0.036189432900313644
0.022337786968563863
-0.0036672947374635895
0.0012717893858638066
0.0022350974887080065
0.010173754841988316
0.00592251146459664
-0.028432158843097088
0.016297431660017975
0.01367914604357695
-0.012385939515019794
0.01431910888370516
-0.0025753711811078704
-0.012843963405396728
0.012244839593735464
0.012254134915774312
-0.03345376444099883
-0.015339253496946835
-0.013670992831373442
0.04433033778897324
0.000974672235849135
-0.011889488302402534
0.02028593775614809
0.013767888142916879
-0.0300479030170258
0.0015931512005531482
-0.00981563895552819
-0.019999377084054793
0.004318101570886524
0.03781055667673176
-0.010372411886338997
0.03170817570645212
-0.01755884277116823
-0.008559241613430163
-0.030836920868479917
0.01750422917574125
-0.005609666950307661
-0.03520217172691812
-0.034248614073257154
-0.006337259443937673
0.014594218544705587
0.01046905405171591
-0.0003827565663686207
0.03312390796944859
-0.005998765193794952
-0.0009371436682801204
0.004059626199333838
-0.04319056251085019
-0.0018693371397662981
0.009785379937959178
0.025957772696931676
-0.016443635995329938
-0.028264700601390715
0.05402447578099559
0.01979796497220807
-0.0024334855985096468
0.014764387752591692
-0.004284108594155438
0.014445226789329671
0.000855409047925782
0.030359325127232162
-0.021277914198833476
0.004909073656367806
-0.007889242681734587
0.04147174576782716
-0.024064568216250717
0.028216828636506913
-0.06359148972107301
-0.036086272184477526
-0.04794949736473714
-0.020199771416145477
0.012766256811678004
-0.004979595527972769
0.03742698499330163
-0.013039220050750106
0.03319821371651932
-0.00476759845788902
-0.004220082450692686
-0.011604588851899487
-0.0025803320458636673
-0.00492196492244789
-0.039503873678314906
0.03940239712573469
-0.020374747715499592
-0.025807149774260962
-0.007784094728044833
0.022223576202896438
-0.04434913390470093
-0.004756013858692349
0.021261503268659776
0.03468994587852502
-0.006245819073226189
0.0023056226046183318
0.01567174999011437
0.019172937044274543
0.03436645603419651
-0.0015773672995250132
0.0382854009600878
0.02635916849535073
0.02480661496265126
-0.0185118544866228
0.0042515317909148035
-0.022621178455584905
-0.007767284621983368
-0.021509688499919136
0.028219819587040344
-0.026249889451000617
0.004193068258345141
0.001307737813310203
0.008004624745166892
0.02605607340575797
-0.012794585983395399
-0.03151154402850808
0.036373773220957153
0.002146985478056004
-0.003982083058488924
-0.02953356232544699
-0.00031949861841630366
-0.025370014838310116
0.019367065579642892
0.010844991786394897
-0.017085245475496114
-0.010377580737439931
-0.007500374057820336
-0.017129141802472585
-0.001136960886928296
0.0018194770904748237
-0.03421773778194062
-0.007817850002846106
0.01124838103378346
-0.03383533408948041
0.005111022556002502
-0.005030954697390435
0.011557025171000403
-0.02656924857793655
-0.017040685738335958
0.019676907319300524
-0.0008999265849363727
0.021144017927676655
0.02218822193686269
0.019036250855139686
-0.03735686095331451
-0.011039872704882318
-0.0060182416580588545
-0.012001110617136154
-0.01642504774061631
0.005572407998669595
0.02755781190293225
0.006223005684703698
0.0072834014800036454
0.008232045502820213
0.019853936783545915
-0.005803228018392201
0.009810873769686722
0.05938880645227335
-0.009935885176724607
-0.007448210375809007
-0.017323942395857734
-0.029109181796560805
-0.014772744372620604
-0.0032180316051930837
-0.026752265016762863
-0.007865719977389288
-0.044351397587864834
0.009935954271765466
-0.00010862151312978084
0.028121861674304773
0.051068172746005516
-0.05045357281300374
0.0391251326369503
-0.018204377645729845
-0.020873438483015296
-0.01582617712378993
-0.006169545187214392
0.0076708358564577086
-0.034230566178146446
0.010036633871041967
-0.007181559321610203
-0.012996047699092798
0.026261112799665656
-0.05689744813771278
-0.016241281413714514
-0.015330305499776778
-0.01924530054759133
0.006235790447184301
-0.004851306032087578
0.03220544163185178
0.014966619535616076
0.017190362711317835
-0.021315896768564595
-0.01600444557810745
0.00030180734485351935
0.0006313506636842145
-0.041206487399871476
-0.003990552522769654
-0.0004974829936709606
-0.0203697716517495
-0.0023113453268327083
-0.022632245629169042
-0.011699727374463387
0.004163007451103485
0.03480400845459763
-0.016691102936583675
0.023607344721131962
0.0044474659698591264
-0.035274006596597025
0.03416353827001098
0.00848096186815306
-0.01830712702822343
0.011385409333559145
0.04512223037311672
0.009062801229470915
0.012468631389455516
0.003189909334752062
-0.03473087291332855
-0.012170113855702394
0.03164279325625364
-0.03631699133516848
-0.013311493085073291
-0.00999468346063619
0.016375269875699937
0.018563111995293632
-0.025812720110438607
0.0033563366736298096
-0.0417484266422684
-0.03846475279106858
0.03431620316543654
0.012834748890505364
0.0058943685855969334
0.006705407063484551
0.040057619341403644
0.0883789574968649
0.008484911228088896
-0.03712411503420829
-0.0025114171345506785
0.014878890388346128
0.017249502248785843
-0.01084502869249653
-0.012173765940477425
0.024696480954724088
-0.005059606823524737
-0.006349187090972064
0.018859010547062023
0.023708739169464504
0.023594987127799078
0.02289298801316687
0.013533503909730304
-0.06010267907503633
-0.020635856326230436
0.007298219181600152
0.023176465295420088
-0.022020158993381996
-0.02190195495227545
0.027329671275538574
-0.05217217496363047
-0.0007885111553208223
-0.04815049817002007
-0.0249837685114624
-0.04132492966355208
-0.04160802991248567
0.006237467598964338
-0.003993087936282753
0.01093508607150658
0.023147758444216918
0.000867404758400299
-0.00026316807164999446
0.00666993284538606
-0.018387274996583387
0.035293999312674545
0.000025146689019218142
-0.004276021030224603
0.0020125166761895716
-0.0339706005440131
-0.04695685758055279
0.023392373208836217
-0.006301099732646431
-0.025742881214376408
0.04322532361055891
0.005885417517218403
-0.04626320064987817
0.010770571878719578
-0.00767621915881379
0.0543761596633364
-0.0726033145603495
0.0169893042378222
0.033918263840422916
0.006383094039941682
0.05314188169760279
-0.03657037670208635
0.008141473336934065
0.038350706203467935
0.06875736213160567
-0.025977430250137254
-0.036829316288330693
-0.021169303881633766
0.03284996459618324
0.07937497743993119
-0.07854377977155128
-0.0048554920323119225
0.031401121008280436
-0.12071334623487545
-0.04776868958183185
0.032196016329676495
-0.015134600781651478
0.03234943004420065
0.03871444255406007
0.020898319707969577
0.006705325767076845
0.04509340344667789
0.011017152216861243
0.04332818688036341
-0.014283193200028233
0.017708232450770404
0.05101312985913044
0.008545090020692385
-0.013095484267537889
0.02539628886088445
0.004833802496516762
0.06908319098806627
-0.024339528046849124
-0.028723027274800784
0.036783832591585186
0.010103406180236502
0.026181913792810905
0.008390280616826699
0.051577870465098055
0.04210356622510817
-0.026961154250761718
0.04755792718898541
-0.04871597261541336
-0.004166776024928291
-0.017005094544660253
0.0306486359358144
0.084285645402382
0.008813970363676583
0.033821892518361825
0.02698781427349115
0.03151133701851652
-0.017066333264774344
-0.08226259287388468
0.027534980609598754
-0.03600361184449438
0.03679937153190117
0.024794810468537546
-0.026164460144745296
-0.030089362886206995
0.10136542115537635
0.04714164246576046
-0.0016999252100950196
-0.04132046763980196
-0.06807730067689764
-0.021471545678649968
-0.03580065996757529
-0.08934794805312382
0.10718084170766502
-0.00220323098871788
-0.0297412407548494
-0.07005537355128735
-0.01590677271751084
-0.03683365985172609
-0.007709917122675674
-0.007879925864569216
-0.08201145704574123
-0.05144133892298994
-0.025297805168690908
0.04748292792132922
-0.03470469617712937
0.022490299106874743
0.06155313993721077
-0.0861950135258542
0.024760076504306915
-0.014740947001551506
-0.06452100081599228
-0.10594378183202297
-0.00654172590781327
-0.007632479637827386
-0.03824340212122125
-0.0007579304225937146
-0.0285311140770478
0.07447531054282902
0.10385975189601096
-0.043688796843114865
-0.05188863346163578
0.007399069827905336
-0.0374012679929813
-0.012697080239634546
-0.011640828292535831
-0.09857679731978157
-0.06669821916419817
0.002861418180756224
0.037211394638992534
-0.10114325959228558
0.038651699804998024
0.02448514198932186
-0.07944556636218082
-0.03108129418742954
-0.09724032388458699
0.001468779152755125
0.02179493035626305
0.01653051744475007
0.037635507635021825
0.007113544949181365
-0.029835415859876882
0.050047916053434026
0.02341989851342611
-0.03626829069125171
-0.06247100883062089
0.024777479959944112
-0.06300544615266256
-0.07022879996103959
0.07053995096355994
-0.04394137757910848
-0.03516351176417727
0.05496849835511245
0.07068850542847069
-0.02404816030522474
0.029720932001200226
-0.008049055073985852
0.011568092073263486
0.036132818807275334
0.015287251211824593
0.08072887921463293
-0.03391863676498915
0.03629989948884432
0.08153862645425733
-0.010559172549234233
0.07085868840285656
0.06199429814783996
-0.00807288618463279
0.009657863326140307
-0.02504698273263228
-0.043319902870501734
-0.03806483739397759
0.044499965374454414
0.07833584945331654
-0.08111072124319965
-0.01677649711372078
0.026410868751112707
0.04438037965950774
-0.028383899169840698
0.060803111129790845
0.05548205403487076
-0.0034025304460714428
0.04417454855004982
0.046406517067076845
0.029399190689583927
0.04009093493578663
0.019852430400054157
0.016745851482430192
0.02354489445189758
0.035537092582198566
-0.06712881285613952
0.06814682666624874
0.04913747707606648
-0.03970735751444098
-0.024858567246396505
0.008882825301964123
0.013420398103410653
-0.004666636275181624
0.04946039468146576
0.09841355600424014
0.03027903579131344
0.0632897899890037
0.030928480352382024
0.026022704513548458
0.0267535853721797
0.0047728843239338865
0.05960523886662834
0.0139484582505924
0.016138348294703755
0.03133523719425135
0.0024789757924551107
0.010069466787154153
0.005063601511882033
0.01469792698570669
0.017451575333001228
-0.007419718644269009
0.027141173524866145
0.01697518044293539
0.014968616556210075
-0.008329304099881408
0.02298502189536716
-0.0018899907820417242
0.006441208792919356
0.022873610801515752
-0.026404246704197075
-0.04315021231579969
0.0244967054876121
-0.006409695048777718
-0.043010883197799166
0.01938864608238356
0.03521146948158368
0.025927404518820876
0.04181019309247837
-0.011218370177854094
-0.07909183295500956
0.01649441738551176
0.041714123364786776
-0.016297106068766016
0.009014669035806524
0.07062168025735023
0.06953800168170844
0.002194455223805833
0.048315357306373104
-0.00791904480012509
0.01780562058582562
0.015922500232908962
0.0016079203767083953
0.017670834020043987
0.022909269274830175
-0.033594656136172255
-0.007755787010307726
0.011527566020310957
0.010697817544483791
-0.009373518698700128
-0.0038598164373816832
0.02574507610881153
0.04359493843469246
-0.014540994807548328
0.033578528709197475
0.023109483941615917
0.02080814744786466
0.006411791145070736
0.009050927859309148
0.031764358129238876
-0.01621625070876038
-0.007922253392732137
0.009527896212031433
0.004691821187952623
-0.009498932449007545
0.009816964080921186
-0.006572417357160902
-0.03414589915568393
-0.0031573949999429214
0.0005241669959172746
0.005041310864364617
-0.04608716586362823
-0.024064287539195876
0.023247662078386005
-0.005516525333047935
0.04347492334599628
-0.017780260586374996
0.01663886553981356
-0.017021786688243477
0.025492544442707762
0.03156050788106936
0.012963467592248439
0.06787657059547433
-0.0053434556555552355
0.01444984127517673
-0.02650900877057049
-0.05968278503373786
0.010322738735048454
0.007453873858936542
-0.018693996425895212
0.07308856665900368
-0.007935049225981337
-0.01858590361206843
-0.03675351529061589
0.003469749915104714
-0.035306777883354436
-0.011487198772238288
-0.020296685190302192
-0.03648922480734809
-0.019347737096405068
0.041306655366710236
0.016349501182867623
-0.0294804137090793
-0.015651746003553853
-0.05109934286818707
-0.018790521827454262
0.023939570468756
-0.017175477823945837
0.04049345138760368
0.01341214369716989
0.023592845848923075
-0.03352824585893836
0.02474429884761084
-0.025036537639935023
0.01411374583477884
-0.026912740665253992
-0.008814539047933286
0.007508669428025517
-0.02454508536174063
-0.014237378603447723
-0.004989910658695074
-0.01742207533276788
-0.019011294124452207
0.009217090913601967
0.011815686222391496
0.03802185202670795
-0.011934547789685392
0.007157833079485117
-0.019786665550254164
-0.03540942987089694
-0.007144698217226349
-0.02707160883918021
-0.01890213440075006
0.1252456056298386
-0.006855398893940741
-0.014002275727505974
0.005537575703422707
-0.003620758208950703
-0.025574915453609785
-0.017880609171068634
-0.0029336829275492236
0.0020465992690819872
-0.0010578884028624059
-0.04162531484362965
0.03147700275332941
-0.025023215303972748
-0.0009762765492406641
0.0404344269810227
-0.04515252470732748
-0.016763407743985388
0.004816310074478384
-0.04781964170610456
-0.008882284662441007
0.024940630877213703
-0.02582451114589287
-0.02458921987768918
0.0012428028054878532
-0.024403561237273785
-0.020320206634392022
-0.016341455941586938
-0.04130591844562357
0.0009238710990617193
0.02847690899554218
-0.012643430681031959
-0.0019500337516861633
0.03159945685939641
0.017776951511826046
-0.016371555723889774
0.004436196462336892
-0.020266193619925724
0.0320128474509445
-0.009147846614415305
0.03406224597876682
0.023565814661646898
0.003178696222365858
0.008361000361525643
0.04806515787271959
-0.002807468813306451
0.03208057799373465
-0.01090323076577715
0.013027886085073699
0.012853326893291885
0.01724491715864998
0.051943056458057975
0.014596759037532315
-0.011681352301706464
-0.021150173563382807
-0.003848611542183179
-0.02051845122710134
0.023804380064518165
-0.02742363291377252
0.03591215455957383
-0.02506089165816649
0.00025326984318861634
-0.023973988033371828
-0.005290133025225312
-0.012610565754551013
0.017263396603452708
-0.011411813016070317
-0.00977746395869487
-0.010448781734444785
-0.01545338655549352
0.011554217976627541
-0.016544308550156085
-0.024172414733934562
0.0068705056205497095
0.018228632472940185
0.01130191607215982
-0.011565984966150236
-0.023835518867863163
-0.017878866403789825
0.023886185928121317
-0.02049753014427399
0.006718601685385758
0.003685370991641533
-0.005364591508776046
0.014743447048601501
0.03007100172343422
-0.053805590584546564
-0.036627090905747624
0.056874702819377704
0.0211314329486303
0.013263259069896203
0.009592181712124892
0.012243371427475475
-0.010248080010413493
-0.015573870602392135
-0.008987838077373812
0.020241090033577762
-0.009710865852126575
-0.009401782386767187
0.006685152125194769
0.027461948744633743
-0.016887248269743613
0.0727575875955603
0.03759705517206747
-0.02318785212118018
-0.045054363665208944
0.013535271537749331
0.020094514816714936
-0.015378595186851895
0.007057516972074543
0.017873825726552665
-0.03834643786167212
-0.023926697448991813
-0.04033144416553277
-0.006302869355978097
0.013872691580149895
-0.024586094585739418
0.02370502353781677
-0.007187423517979354
-0.036397537205570506
-0.01308693234892743
-0.0014268970721194848
-0.009549759157715398
-0.013066091203168215
-0.014887034701413235
-0.0024343308283727976
-0.0003984800320220991
0.014956380008283204
-0.007880458030536129
-0.0012449823121049631
-0.0022831598500065945
-0.004891087133280556
-0.016369927332260673
0.0028156564168444493
-0.014660420348997928
0.004950093510843567
0.004168544191314751
0.13194085169944578
-0.002674452987376635
-0.01163512164377152
0.03111811928151729
-0.04823538168164233
-0.0038127465261821245
0.009672791434145608
-0.05414302788795989
-0.016576900634645328
0.025401558343069296
-0.01207070077444892
-0.0031130079477184355
0.00910718731857656
0.0162492399779671
-0.024842920573949087
-0.01962900666266475
0.010424880386223185
0.015177508876663142
0.07430685274599752
-0.0030207061374009758
0.03070934081391744
-0.003930507184924267
0.02768270266844143
0.06182734343452067
-0.06349796835275229
-0.06513341988242213
-0.051411598381745534
0.021599831178584463
-0.036783687192786754
-0.009072797425138212
-0.03288287488247727
-0.00973299095294235
0.02320518707596528
0.009922821845334107
0.052006236801073635
-0.0055294570091617085
-0.029300917138413814
-0.001899844839071861
-0.02054119180936634
0.063432985944977
-0.044785570611461115
-0.020391733027981442
-0.037544791079021894
-0.015806813537097498
-0.009355897492756527
0.017173951982592226
-0.0045928053753322455
-0.014210270779028762
-0.031553823959282225
-0.008438539417444407
-0.018102479954333364
0.03873810786312929
-0.019888372654945696
-0.09086872045812623
-0.017676425928897142
-0.005124135952696138
-0.003832406534679501
-0.01906792113317919
-0.008071474571132862
0.01858396771342236
-0.009871232988235851
-0.0016494906808067322
-0.009111462393293577
0.01075705012796216
0.005869998457897179
-0.002303287869683294
0.011432815568386172
0.018929894096989867
0.008877962230674273
-0.024709255500789305
0.012804139088281812
0.013239556486900901
-0.002677748825747059
0.007678674662082469
0.009265486708706569
0.03331095970965771
0.003818037993552562
0.011302171793815242
0.015761696219847018
0.027222297956230445
-0.017870568146474367
-0.009818883236514427
-0.01708702635924656
-0.019300751406675764
-0.03990154501281416
-0.0028979438196960923
0.024993284227411407
0.0025640976049403404
0.009341972209316313
-0.003447269614613806
-0.009119806616148854
-0.003265856262936244
0.015696177581670436
-0.02302736629770901
0.007722254377601172
0.024316574513329137
0.025661185155056557
0.004080406246928224
0.00880928916386889
0.01742158104267376
-0.0018060305535309957
0.008461590410441847
0.018257795812274675
-0.014314658719157745
-0.043129592907966835
0.019620508514284585
-0.02459973428126679
-0.047951404013643874
0.012475038595885803
-0.004206450114160734
0.008482325020583764
0.01953353819975814
0.0013945864151865203
0.013504112288181215
-0.0009252281545576031
0.009713515706590644
0.024011378358354186
0.019600271570981136
-0.024325003165374597
0.015559310888799471
-0.015010155564193719
0.0218320095833989
0.0008925317994072622
0.011516023416606753
0.011844830457457973
0.05513446688923798
0.022043951905373033
-0.06317470463678997
0.0017278721374617693
0.0026023809133214203
-0.001549508939978622
0.006402563662978569
0.010490265701944987
0.0053376025222153
0.04126546256028967
0.07024392125295555
-0.0571960102026393
0.014255079308898683
-0.019534252743240575
0.07501771237609169
-0.02786641140182929
0.06882879901393932
0.03902476335910933
0.035553190997201084
-0.00792548086952889
-0.017706985659267937
0.07886649677285282
-0.00915323620022774
-0.04558331887206268
0.004148532582566424
0.00136230330169355
-0.005559686488874749
-0.013478135926708653
-0.018802632395517712
0.02215017716694235
-0.014304986832044859
-0.010819721284947821
-0.03211304374419654
0.053678018278677804
-0.055232614629634205
0.014002154379696274
-0.043327016171598905
-0.015846689386954202
-0.017291892913508296
-0.008685913674621093
0.06359479662044315
-0.040831753851599935
0.0008309934092564948
-0.007313723826021445
0.04188686183162926
-0.03495440916089769
0.0012263030007235607
0.018558739393150024
0.029965887033848605
0.020390974514736412
-0.025639661172560408
0.027997308293343327
-0.10191319192057914
0.02135166343229907
0.10353822598346134
0.04987577983437768
0.07053081631979756
0.035493361057385805
0.0038276877990990462
0.09779930180026007
0.09681603142769463
-0.02724570522967826
-0.019276016803171522
0.02368551053122163
-0.04051577523694961
-0.024930610158998594
-0.024344599054492506
-0.0035536845615204405
0.0358757018239217
0.001037295976847593
-0.013708370384327111
0.007121520059005492
0.02436186222504058
0.007269193150568358
0.05903458007761196
-0.05378887148838247
-0.017522130531978777
-0.0103634098950453
0.01863169991620576
-0.030272515737803152
0.047187188885367125
-0.019920733612256384
-0.025401019349908488
0.010707789912851613
-0.04457219097190775
0.0038601419877458444
-0.02010518828411207
-0.023335047671796467
-0.009216788556350084
-0.005380863121321713
-0.00047774138214560927
0.03739190474034502
0.008926291816247094
0.008087368246204681
-0.02831026148099322
0.0035112168102212032
0.024386076879922534
-0.010367327230857069
0.006197275717835426
-0.02356289801922784
0.031692200706285166
0.0430991287696804
0.011566452766115865
-0.024462583095433227
0.04705256549040445
-0.0648565829028884
-0.0526242084418705
-0.023833002330078693
-0.012021736854165363
0.014469483076600974
-0.019979134496501013
-0.02571329666864852
0.0344686276641605
-0.017860636408846532
-0.044615913627472074
0.022658014058664112
-0.009182528690432457
-0.014491390794526084
-0.0066167520593313255
0.009673164506674334
0.0240631146389435
-0.0010459861105324734
0.009951971274304111
0.0015423062135864998
0.01465127270272093
0.0006065237332436503
0.012107159300009208
0.003608043833310356
0.003931480781213376
0.050974404191096376
0.04318985391333827
0.00238745199648376
0.0031680367539521598
-0.013218313272275807
-0.000794648644645547
0.005956441637167648
-0.030757335808350633
-0.010696590687456807
-0.0017058748117046774
0.03682350057945614
0.00124769695936251