-1.9811304578363447
-3.0322835413572444
0.6063509056821845
1.6704709468880121
-0.11430830246126442
1.3073561037862411
2.305699052048462
0.5189619535677459
0.4248493459610033
-0.48513506435020615
2.9316916578935697
-5.429635481472114
2.812148634604494
1.317178118929889
4.314801989548575
0.5782428004610027
3.1113872145454224
-0.09989432820131823
1.9900885235656134
1.0037456634969668
1.431221488418922
1.3706931914236844
1.8533121601292484
1.391591170402759
0.06829904373178705
-0.2190227352112881
-0.7131340265940839
-0.19424533569144298
-0.2728509667260278
-0.3555857021675049
1.004302998818076
-0.16170286048317625
2.2952057567475563
-0.3171241256723465
0.27322472133972403
-0.4699513756867008
0.026542860340933033
0.40716013450251465
1.2171089501128305
0.7604623624648581
1.5038896500277434
2.0709585114107134
-0.5144031134353901
-0.005993698798390213
-1.0373715965206796
-0.5600820975040474
-0.7243517283284245
0.6639375632158715
-0.6499047952067708
-0.723394574646024
0.6016168851121612
-0.2761612487526508
-0.3592695848459049
-0.6207072907472356
0.2760205036608379
0.8005516377804186
0.2612279452401124
0.4256473733216655
0.11150896144006389
0.06519953489861632
1.4658499435861856
0.866950293161253
-1.6993274380959305
0.5839127986707764
0.3481530556225897
0.49369599247569484
-1.8205408825465785
0.3083256502069107
0.8768951052460021
-0.28581226370127094
-0.3534023030895497
0.004083506416703977
0.8483385655492053
0.796765921227012
0.9964934515892498
1.3659069447656422
0.8258614468699329
0.9737601203742572
-0.6176608364468291
0.10688204372603415
-0.9944044563386853
-0.514902633509639
0.4642095928280117
-0.43536077628400643
-0.22798430520235966
0.2618481370112354
0.5717791168590397
0.9185729578429955
-0.7382774665444852
0.05770628759968188
-0.1375045287941494
1.3775362566503668
0.30882185559151376
-1.3436965183216094
-0.11171447941277905
-0.15229401290226094
1.7401705850401639
-0.7385211045612168
0.9315330754070024
-0.08927295446300962
0.24077709844312822
2.4138842309887845
1.023817825793261
1.2784768165720322
0.14493025953982766
1.0222543038892298
-0.22281936430432778
0.16909978687395075
-0.5652365721848436
-0.1488149145292397
0.17956631179213978
0.961669518862361
0.4228436641152424
-0.013244305439190087
-1.2310436763967083
0.1987449069797158
0.026804248861918522
-0.1867945826662874
0.1850522817611429
0.4407473537845046
0.10027695773182857
0.5802574011421615
-0.10629442525716025
0.6504560350964824
-0.41441917154515495
0.4725432419548862
-0.11393050880407847
0.14522652422377821
-1.5462761472893165
-0.5409111539276705
-0.9245041786054972
0.7373298594929785
0.9261529268469787
-0.1574249080755169
0.11770827446294198
1.084953376061693
0.026897134716222872
-0.535161827409577
0.7923612503543436
-0.6608922609717389
-0.04447796501785619
-0.06777435012827328
-0.4698501825162878
0.7698451511748217
-0.33852957370059983
0.3394822195757506
0.6572056884605525
-0.1810414177923288
0.8381973379067728
0.14642055114171235
-1.0521074717839152
0.07555652566403187
-1.119971092479657
-0.13741461568769645
-0.10439038790065372
2.075246067519093
-0.20538150147324366
0.2582480424937579
-0.8853384404039731
0.03378789978853931
0.049102873233659514
0.29782101140352313
0.8412333097244861
-1.6219833942133575
-0.9972615898723987
-0.5005847975845857
-0.26287719548772037
0.3390895457797563
-1.5217271092619336
-0.0541716196933215
-0.2962773653973321
0.16753893817140983
-1.4045250872726278
0.04679560412328405
-0.17607646535164997
1.3805096528324412
0.3313660114646051
1.9162816180638416
0.7402742669919652
-0.7424035497049927
0.5630390825705895
0.6961077181693259
-0.41171330726370564
-0.23825019984481374
-0.8277486225995487
-0.17612250890166387
0.04994485255864057
0.9113023467744772
2.71585504537544
-1.3975626862881014
-0.1709464170381528
0.07525919454377812
0.9646072844962883
-0.731609109157454
1.0721873041489927
-0.17314983282170857
0.1046489233716698
-2.8593600880117016
-0.08108457169381654
0.3163046421870777
-0.8877257873986348
-0.1812806742369019
0.9207305152647808
0.4370519216510722
0.29883591165039414
0.34583297078632413
-2.044940833616642
-1.750821902707728
-1.1730508298648454
-0.17605157209572941
1.108412857362644
-0.7656123048681479
0.9247828766527655
0.8314426079667383
-0.5475946169468111
0.2987159113758808
0.8438846882674341
2.0332629492730945
0.5614133805653773
-0.8210588346633142
0.5592802204352042
0.25638125215167296
-1.026678452797707
0.5979884241349813
-0.46638258383455933
2.1628102790750092
0.8567469829298523
-0.6831096451830017
-0.9266191003512846
0.01744633152577142
-0.1723864020974571
0.8597884914339637
-0.1854668310404085
-0.7064433114259003
-0.8177700382519467
-0.14540982173254505
0.0786035550510824
-1.7966661802205859
-1.2444847721162688
-0.3114871704715217
0.8795587569945431
-0.17713257483281183
1.357966985657706
-1.5787944476569302
0.6425996402129869
0.1530358083693226
0.23565877491972884
-2.020780226638696
-0.9539237112394277
-0.12988830256816805
-0.45268992313710593
-1.6034971483214346
-0.3051122300930274
-0.062155028251063914
-1.4894354929537186
-0.031632561880065635
0.0488130210968645
-0.443022736790198
-0.2086810240158626
1.3088762614333256
0.693086934638535
-0.5914423031888171
0.05100541955111905
0.8315046772705855
0.824388373636626
-0.13915095957897533
-0.46726929517598403
-0.4256117829361737
-0.03838461932381222
0.6150128241664214
-0.18632644265319256
2.8743901074384683
1.6815472081489111
0.6017890352265728
-1.825818658511591
0.8201582292432525
0.15877485070938507
-1.0929369775523685
-0.4770502246440529
-0.8173870315773771
0.35382767485068467
0.0033495195765517083
0.37112196689038573
-0.8724518772133639
1.484312760232695
-0.23455048084020663
0.04285134941900859
-1.449276031939803
-0.8604708793476388
-1.246012488623269
-0.8336933219751886
1.6162514016902279
0.23933742190007248
-0.20665057357846348
-1.8061154860813742
-0.1948812502430019
0.43206324899714615
1.6986858086227394
-0.9422322132193595
0.6173235453204968
1.0821896705929468
0.6776767142262536
0.19565740749759586
-1.9424930009574497
-0.40842008560695536
-0.6084075776976917
1.3318879796117418
0.2878438478010289
-2.0543595705119744
-0.21536371470211782
-0.8595476601621259
0.6396825368496757
0.1467392081444776
1.1510877209475479
3.3889363189505826
0.8274948997140119
-0.24384076464854604
0.21223562393316311
1.1753448262716168
0.0031452805065904847
0.0550727222184437
-0.19387988679394666
-0.10772178875215653
0.3383299769040707
1.8963206053294928
-0.46760620069234904
-0.28157789750989
0.017659021661250048
-0.6236568626228811
0.8291224548599452
-0.6449939477779643
-0.8693242393234374
-0.28578130015059555
0.23190593556413142
2.38997970505326
0.3589426351964353
-0.09199825286377117
-0.6659548653239495
0.48861706107005026
1.0378837676614838
0.017298590928731553
1.7688844261633208
0.18768240619396664
0.6961472565483301
-1.7178804982967335
-0.5107922425283559
-0.5977881592206659
-0.5160293481600657
1.9510545391423038
0.607934768207934
-1.5196234449410817
-1.0526562871346714
-1.0068160254051748
0.30737257148961233
0.9759321711450712
-1.6162636499627774
3.2301259980698425
2.171101435088281
0.3667006592032898
-2.4375261247140996
0.0548826627612466
0.5932001115196116
-0.6125907024958096
0.5672494865284504
0.8102238978661169
1.4970669426306382
-0.07594177797022134
-0.40892918018197155
-0.18983972881493363
-5.299322992916384
-0.5242749473254052
-2.772767691772251
-0.7334351877537575
0.14265738806195216
-0.26946760029065225
0.6370455534583507
-2.82885053946406
-1.39208156602486
-1.2691270672688828
-0.06534895019222393
-1.1671621901383487
-0.05837620267799623
-0.7401146543478175
-0.26970542814445975
0.11627015342144482
1.2315766108159467
0.1985551442780298
0.5653727017177814
-1.161221558519507
-0.11760806623881684
0.22295787887405216
0.7497579800864694
1.3795149315704751
1.2139984007529683
0.351238830677345
-1.1111011989723028
-0.21857451673045536
0.6206977161817205
-0.5933757734941983
0.4797423481654771
0.19760968031960197
1.1638646527290823
1.4430646288181395
-0.17397397140011903
-0.9728064340267177
-0.8570006644674218
1.546322380292776
-2.5703236464334247
-0.11021797230117039
2.140560483654464
0.1734892396558313
-0.047839347270841874
0.5913997713963064
-1.1255313171226942
-0.5754762332775871
-0.29526630568082485
0.015769788051357966
0.6413027357668138
-0.6157835253303484
-0.10975248458077284
-0.29784348783452347
-0.09952513188421787
0.014264620789140283
-2.822672285040488
0.1562453077445074
-1.2483694822958666
-0.06713115873618389
0.17364801083534345
0.29636994287501256
2.6552271295639027
0.77758373154478
-1.6847341622479874
0.3578417963975231
0.2786700165373449
-0.9899829660129392
-1.0381750485697754
-0.3458104873995694
-0.24446143407910464
-0.9750428067054097
0.8972594319062086
2.326995113934877
-3.6491536787785184
-0.25731391663739234
2.264073456048281
0.8668139626858764
-1.3964113286545543
0.5036375987181437
-0.5067604605599949
-2.971285403086457
0.5985948296916996
-1.5958321047854223
-0.4458144665232166
0.5735715496603243
-0.6550482916864551
0.05536079042220319
0.20492934138444732
0.37759092525072196
1.4084719600976243
0.12369489711330094
0.9961097543553858
0.5315138898063184
2.4091521683722465
-0.490489438451691
-0.7890436126159126
0.24931548386511282
-0.5618882399909579
0.4812543427690936
1.4075396438107626
-1.0647330871327372
-0.6958388980092718
0.6030955038196341
3.064783412550259
-1.7805205508005166
0.3655717387291462
-0.032072827285629095
-0.4066748229166062
0.3676780594749495
0.34656484781819413
1.6064465631285767
1.240085099168276
-0.5964043599028866
0.24941148196318982
2.526941209873032
0.26670567637729536
-0.6937523548979396
0.2827624513293874
-0.010404797490266153
0.09822518841923378
0.4518221447253751
4.324522817631633
-1.020297437108866
0.386657566573349
-0.4350768079010545
1.0662600289263737
1.6040018982504252
-0.13140365184035716
2.873918496027877
0.7845830652317328
-1.0277170490430572
0.8469112110692758
-0.5084815327715894
-0.8860139666978906
-1.3035672507663074
-0.48930049758704175
0.5840908786467186
-0.7244181825614524
1.0650482870672473
-0.3995573584692362
0.11202521435928288
-0.7666392485802548
-1.2225731103974375
0.3676957100702222
-1.5094210767796834
0.49331413627494325
-0.1178850779793864
-1.6251371258423446
-0.012773035504754662
-0.3797491706586646
-0.14260436476107644
0.5995928584869589
1.7182243532732577
0.3167750140980107
0.16532754913564854
-0.35165852050782964
-1.6830670257615743
-0.6810051087197886
0.07297416298444298
-0.8585596678103984
0.2093687831895885
-0.15884125631893442
1.2381163154950312
0.3244698895754135
0.005003090003684094
-0.2959240488528758
0.09815166715171142
-0.8053993930022646
0.22276537303271932
1.9673460376134309
-0.5632333717929852
1.4514256758301105
2.602121973563139
-1.2379188219739516
-0.19176742776875547
0.32081867478499193
0.09151353911450973
-2.079183453580111
0.40241937167614417
-0.9120519605484666
-2.135134969703571
0.6381792085687121
-0.7606202334857325
0.28294492854225833
-0.6716495861853471
0.3351408663186887
3.6962490703819566
0.6986863989015003
-0.2920266640699967
-0.7526417492291734
0.5677594672975431
-0.2466645717473382
-0.031657360214495216
-0.9608065778036686
0.8486613857610084
-1.739684069243199
-0.9922993632020254
0.2543517588512055
-0.49837886424192984
0.5368405714971948
-0.3751493575791942
0.1275449212360381
-0.3184603658896312
-1.100570588441205
0.3018148213688881
-1.5093963797725338
-0.24322685872144043
0.6067589391899121
0.15619061743958115
0.12548052917142585
1.0371362286876171
1.0237866749527058
-0.5735249792781412
0.9377106473844838
-0.297642463152536
-0.885536919293565
0.12986805292934384
-0.4750132364238266
-0.48625982896586634
0.24222448657467854
-1.2559034748999085
-0.7416100302035697
0.7257391202522214
0.3661415537579834
0.6159812472793993
-1.7356734884338019
0.018485548556365427
0.4646538103865009
0.5057204252191176
-0.2937607736084231
-2.3729761793936857
1.0096517914210086
-1.165618693359493
-0.0842457337700305
0.13849270700909136
0.030510943722815372
1.3474551686983174
-0.9513589488906907
-0.23100113542930123
-0.09203664920053672
-1.6260504220264933
-1.3956265425489462
-0.344141916163766
-0.6587503216680826
0.3988989314433199
0.47492406180284713
-0.9908906027105704
1.2722995242797184
-0.6967043909073269
1.0698911699460958
-0.5094783113037635
-0.7111759624689488
-0.10212308751703482
0.14580580884104677
-2.7338424124349663
0.05066953765944783
-0.5214143016973514
-0.2078977718782211
1.1971455517079632
1.191916361016883
-0.7409698027157298
-0.5273675583482844
-0.41587540086469604
1.0648980113273265
0.1612270315459113
-1.4446257618061558
1.3934920927187526
-1.2064376466149485
-0.24706759495532085
-0.5953278165231345
-0.6325952295009125
0.06821426836564463
-1.6455250636616527
-0.12492113410282123
-0.002732447694018357
0.4890823251696746
0.06742026446459035
1.7576980665321411
-0.3485262384408644
-0.08791709202168949
0.752626595234339
0.010298971609990498
-0.7592870886294582
1.1867735851753491
-0.09299207677264326
1.9641667933626907
-0.9351190865098524
-0.09049827459847878
0.35293407019717116
1.816386413590734
0.1327919308302511
0.8787383896154256
-0.9007380276976007
0.18729576964357328
1.7435570632334967
0.47190252912760006
-1.4320658274982376
-2.6541648506569047
-0.14549482919034987
0.045115233243625465
-1.1041884490599148
-0.10188399185097224
0.05705056169139862
-1.3835043299598808
0.22655293554054667
1.3043364701104652
-0.730000878209128
-2.629087525628159
0.8598444509517861
-0.18868914539353618
0.792719508023058
1.064058119404006
-0.6492991957916606
-1.4133730769954296
-0.6376658933073024
1.4252415899493813
-0.09767398384262704
-0.9531550983601365
0.19615399232629982
0.304513638964614
1.2481147963482067
0.24825396376332948
0.9304073602835335
0.7544856420108684
0.2721895348723822
0.01361981619612165
-0.415852946420804
0.9353152184157871
-0.30120904562567985
-0.005357186133740184
0.10180503909408328
0.08770920925397083
2.4271543896728636
-1.6830420876345236
0.03136793819099114
0.7718299578475143
1.9609537582448642
-1.0699595657351315
0.3313730449996944
-1.4695241897997398
1.0035822000588013
1.3100604310655124
-1.3919393519598267
4.17837424015034
-1.7102085913622913
-1.33757653812512
-0.04551753347689825
-0.42428198433421765
2.6889918190027484
2.888746622785016
0.6955240331177869
-0.9651561037895283
-1.36522542110023
1.1895686387453477
0.16350132464645278
0.17579130322384043
-1.0914976873307825
-0.6655527253463367
0.8455850234437534
-0.22139079605759687
-1.1183566267887388
-0.10391144310680747
-0.29687528091907817
2.0149984295438417
-2.1372881165793567
-0.8923369756158327
-1.8744995188835447
-1.024718499354283
-0.6245117648573787
-0.12474654160575183
0.29343416863542654
-0.3138997500888089
-1.1621730157277952
-1.0975088610140482
2.2904636725416023
-3.2738861371260737
1.2320008862651528
0.11805611572692086
-0.7228200073908628
0.10392202299311429
-0.7278379358582434
-0.103721124742772
-0.059257738886889275
-1.8872566732411789
-0.15861633695574234
-2.4825270055155464
0.04140444510529959
1.9197254103448378
0.062431035484049206
-1.7974041939563135
0.842027992248697
-0.2375887471466915
-0.7315209386250132
0.8055532297485226
0.15901870047138425
1.3801108412526544
0.07167021168843424
-0.20861887030455342
1.551805828017076
0.33508000065912036
0.7390217423782155
1.6596402277654636
2.289672136453377
-0.6044096036400932
-1.9409365757144519
-0.2505994373784587
-2.3322796817901277
0.3712713999280261
-0.3040442186494107
0.7764462809917341
3.0437944642489096
0.1590336350380768
-0.611769991776943
-0.2588630908921052
-1.1169860981864204
-0.9520284018494075
0.9138874879188134
-1.6429670235278544
-0.4051481402193925
-2.781815729081582
2.6639921070532013
0.4085659376608794
-1.7945948646097571
0.13263118406005558
-0.23228981333510895
0.547160305992194
-1.058871713896463
-0.04762013379256968
-0.6814939052259631
1.8443860492753867
-0.331418515624281
-1.9594744253010017
-1.086132387495969
-0.44006637219847106
0.029026784514126526
-0.38107244451880234
-1.3695415490768692
-0.11750261254994684
2.9188250243694567
-0.5061826086650054
1.5166167633134218
-0.729770616463828
-0.9812180012127513
-1.6064900830789282
-0.26474541881154035
-0.7082462491957734
1.2955942391811195
0.45186766804518774
1.2683314137587942
0.914701492832731
-0.029523321049084693
-3.7924964866664657
-2.1466156043187317
0.207356024021045
-0.028888584492947015
-0.9070254528562347
0.07602538966713861
-0.2601912228286134
-0.5402989984916476
0.7571514295460108
0.5311026032209716
-2.9610327740463864
0.17701329118180906
-1.0132041135135093
-0.09932130441980688
-0.699580500218694
-0.12343231912696606
0.34603073393385203
0.5354365410398746
1.4845809636453093
-1.7165639321052801
0.1757826043132905
0.1255069755324048
-0.5768411719141111
-0.20863847064735105
0.12574578234353617
1.9372594099650622
-0.09825942515701747
1.2311969691583142
-1.1133291437161923
0.03523999086371359
0.4376575579953701
2.156124674462819
1.4693576203110112
0.10723666088162055
0.9625167810966746
-0.8159850583732988
-0.8056576572383524
-1.5209406560359564
-0.9014153638774496
1.098401372548078
-0.17610898943235623
0.06651019385243946
-1.7068394291797881
0.2181977189082764
0.5967698184030983
0.8442688308102098
-1.3993071805660677
0.0036450162421890597
1.3712509158977806
-0.13232731119834595
-0.9713041384207035
-0.1901711357856173
-0.9148712566713523
-0.2707807951433149
-2.9347980852620195
-0.038991821858788626
-0.4593822480107226
0.7010021477348548
0.13007767104108578
-0.7650213459903409
0.9475110255221054
-1.3642480110424422
-0.24956462838256038
0.6326981054566462
0.29938342517823924
-0.29654602904048416
0.22285283025188515
-2.2567106884006165
0.7101810709284675
0.847475826485502
-1.3114068191513812
-0.4618267351847569
-0.8758998040776997
-1.513560627626411
-0.5336231129413697
0.6528353325882027
0.2666185624004353
-1.9065007396979523
0.22301072011844314
0.2593475720879968
-0.25449138112469
0.9607896288073384
-0.045554604985002134
-0.24009734585998221
0.7351286225746883
0.21820108217607942
1.1440953558827487
1.3421280818930694
-0.9357964470184025
-0.07795605050172932
-0.8688993483589967
0.20790418743414663
1.0556872657129595
-0.060064908086436865
1.004918568538291
0.34391642607411244
0.07743681726769483
0.33092902421498216
-1.1432357810348392
1.1928503557696637
-1.4083135809958207
0.13058167643558485
-0.7895120391540148
-1.4992901763200677
0.0737347588720045
0.12452394040340356
1.8320664132146602
1.3547467462722755
-0.3716785731935641
-0.17513326846916255
0.47734068879294766
0.9201807150437746
-0.001320084777234336
0.5578428817655366
0.2492719354400374
-2.6167654419172206
1.1191837207634263
-0.9283339323613145
0.10492849266867754
0.8505341232883034
0.003552785073062007
2.5397124069085737
0.32521184899524846
1.589652729838701
-0.8894375053591327
0.2961987233283218
1.3784034147670496
0.13094956622955858
1.489064956102569
1.1720932595113551
-0.678408736812429
-0.7208795806273675
1.4057838733337946
-2.9166849461784756
1.813155436051752
0.08567755092992693
-3.0338073702130655
-1.2861630582735992
0.22712893501412845
0.6154675724051633
0.43835376990330743
-1.6553467467427179
0.5171027375214907
-0.5071526633088904
-0.4927001158222217
1.587242799965952
1.7575894838879325
0.29249213255039014
0.6782681239228926
-1.7405610551800947
-1.8960149296846738
-0.7026779022281873
-0.7880746377567077
-0.9026846388658746
1.7946199607699493
-1.410769454062895
-0.1517526080538656
-0.45599835681219825
-0.5351072076341008
0.1410559317731325
2.8832399403035587
1.070492563187731
-1.3198663458480135
-0.9498025113174821
0.6538969570674279
0.5188164637945422
-0.04135592576611082
0.7139494993534469
0.11587908719334075
-1.6109303938519912
-0.1860223463609211
-0.9165151102678505
1.3400649525024273
1.1191953277643458
-1.94458341177331
-0.14522777045771879
0.806644117577247
0.9368206993166706
-1.923657592334253
-3.9767278073707883
0.9706458187835295
-5.156359602305657
1.039624363957118
-0.6266028708133901
-0.7758160120930122
0.9590998169993558
1.3786472618992471
1.8459657379046048
-0.4743494687456818
-0.28117029974581015
2.524006868456969
-0.45926941277072864
-0.14911339424659187
-1.462908793332869
-0.3236527005960096
2.5672233981155816
-0.28456196060173566
-0.6797048287405527
0.06989016450838718
1.5777468194490711
-0.5362551999892295
3.1783183707940825
0.6386820817086726
0.7022577195030393
1.2278486694773225