-0.010310765015502111
-0.004888618893411966
0.0008617511741360619
0.003309508713278322
-0.00013927777270826284
0.0017464181589000498
0.003810397701204874
0.004570086792837322
0.02401522189488741
0.020352403256384568
-0.008489015545604007
-0.006342610858349931
-0.016213586985894177
0.00453571816360164
-0.0163509432863066
-0.00023782828797597533
-0.007256537388513829
0.0016651222054904716
-0.0011618209253107532
0.003764728654036798
0.0063844086021506
-0.006829306041904414
-0.0025424178538519713
0.0028059583073297084
-0.0011500862564690682
0.0028640659074387472
0.005236877359639508
0.001967081885274806
-0.0015011209669560297
0.0051339329453492085
0.0007353590022649057
0.00024027499227687973
0.000529866306880867
-0.0007010903671164415
0.0006966726521641363
0.0031202015827394374
0.0003495453448929635
0.003775505665729429
0.005700511902986942
-0.002829800625430559
-0.00011892668665296159
0.011731381445366286
0.006230136709882529
-0.0013853555326062317
0.011939050687438429
-0.0015015932158526598
0.00705344419269845
0.012303397315150686
-0.007299307673287766
0.019574477024805532
0.009142657253704764
0.012884107453456164
0.0001449672213005073
-0.008100335516855746
0.0015788856054706445
-0.01646792191508454
-0.011451034897651152
-0.020661387888607316
0.01746162988992827
-0.015126067527814268
-0.0015651201788709562
0.011165519969992353
5.138323673280154e-6
-0.013248558781923492
-0.0027859237536656846
-0.0025468391456741333
0.008575832023560598
-0.016168743431917106
0.00783247678752451
-0.005776491884329752
-0.008013330680461662
-0.00047728899848848983
0.004891160439055324
0.0012956607870013297
0.007484388623729246
-0.0007101342707776497
-0.005962602317955434
0.0008819004955679442
0.0036460743095089614
-0.006544960380506964
-0.003073152995203527
0.00503591720271316
-0.0015344475988643771
-0.0007791118125336844
-0.0005440832197746388
0.003320412272003306
-0.001689898606083576
0.00004999950000495448
0.0010510931368622914
0.004787769060551187
-0.0019926017757744795
0.0029498970556402437
0.0024777957206298354
0.005000659316136965
0.008531707466778546
-0.00006137542323474986
0.004345771348730191
0.006707175177763427
-0.0016366189620635198
0.002759384755564149
0.011531391884036712
-0.0055565970920302
0.000015623291202510513
-0.009685454798632264
0.007189050203880174
-0.002859111085788862
-0.019999289365352432
0.000060915251656078
-0.004527745071781959
0.00028812034331821815
-0.004849143351542823
0.0004881706684918683
0.0017544478782776252
0.005016137776584194
-0.0023202677154208927
0.010264948011357904
-0.011834050777918543
0.004201127057488022
-0.0019321228061301586
0.004843537968153597
0.0014709774619784761
-0.004131121282624385
0.004644270284308727
-0.007048770004803709
-0.003923563542590037
0.005479535302995091
0.0006587882350556193
0.00667778781061402
-0.0003722666449086254
0.001910873586004644
-0.001178854112976043
0.004897486128062829
-0.006435308084642329
-0.00013245910325186637
0.0017300508298119259
0.0012774785639096977
0.007718886297045818
0.0021725892516178498
0.0008367077101065463
0.003134536373574657
-0.0070888784859226605
-0.0035370285884179556
-0.00024599363491470595
0.0009387311227839416
0.0046277686734073455
0.0065253024047139474
0.0018916559264957075
-0.00037922668924711465
0.0007278133886471981
0.0018437211918563585
0.0053671103477887505
-0.001114069176896459
0.005987803402208915
0.004248371193506947
0.00236225059983159
0.008116059653038474
-0.006498397945975768
0.0038448020619215634
0.0037469599379960934
-0.009361778737960248
-0.004701046140873316
0.00042179632509949355
0.009672714109279883
0.0015194894515442323
-0.0013736483140862454
0.00561647356134753
-0.008988358642938277
0.001871205758210437
-0.0013484243608255985
-0.00014331590541149277
0.0029920195066895157
0.004760809444589989
0.0032360201781689237
-0.00809641170865683
0.0017169762022831514
-0.002213295735681336
0.0040921207976963685
0.003775102555165398
0.0013638975251166366
0.010488448056951202
0.006757310404728543
0.00821726175723821
-0.009486765443952185
-0.020884743988291796
0.010918162379317062
0.003750596193036505
-0.010750151467221396
-0.012537259698110443
-0.0011264477233064198
0.0028533242818957684
0.007039319781663621
0.007924117957386347
0.004640245749145464
-0.0019000734119272692
-0.007000353769792318
0.0044039107588938736
-0.004864667938195105
-0.002932676641684611
0.006040510111405499
-0.006131659767659244
0.00721959512166259
0.009613661175473659
-0.0028217988019540326
-0.011701102665667555
0.00030519963804390393
-0.005082118295093125
-0.00046324891908579736
0.0005380841009467035
0.001718423959739796
-0.00005336435581225162
0.015267671869666778
-0.007378525908198675
0.002782736249454013
0.00494808038327293
0.000021678806798577326
-0.0013476870118693928
0.006186521443158557
-0.0019187076715694118
0.006031442241968542
-0.006524479019535404
0.0011584712530524801
0.004809189924747207
0.005810054637599868
-0.000269267756559972
0.011062094408391902
0.0015692646715116895
0.013301906475022931
0.012439770729145237
-0.0020282588878759943
0.007641125444201382
-0.02283194677407582
-0.006465313038195584
0.011267049938000229
-0.010209205020920476
0.00614068569119202
-0.004876304956180294
-0.020875490850223725
-0.008889563435707785
0.0005748996637379029
0.0027736988089410502
-0.0038951400137603297
-0.0013471255910581206
0.005166188114504481
0.01081794195250663
-0.012576192621460317
0.0023066921273249344
0.0003483012152447633
-0.00021220101421208132
0.006081772746432297
-0.002511780797981789
-0.0003329730673916349
-0.00886191001752899
0.003959653896918621
-0.00017921146953413412
-0.00033658700774144194
0.0047454890581022655
0.002915770874020059
0.005318095824717361
0.004818744473916903
-0.0005799022450502205
0.01664795058955648
-0.003100966113269204
0.006319987382556401
-0.00010137989298792658
-0.003770578267553965
-0.011316861013413735
-0.003179659029955153
0.0018170839127134785
0.011237906365719315
-0.004339556338931606
-0.0013035122413169627
-0.0031928480204342275
-0.0027190014453346996
-0.0007857328618936564
0.00248509222021912
0.00014979361768229426
-0.001263325871584018
0.004961438872957142
0.008128575197741076
-0.0036356110902918
-0.0020429465317354898
-0.003698183719093801
0.004222001317979344
0.00483726150392811
0.008095310829387473
-0.0023703503039127966
0.000722914701713082
0.013427582062215499
-0.013182791204694698
0.004265529192215399
-0.002805540943363163
0.0035705365454916805
0.0029034351623077963
-0.003839370275221023
-0.004875984085329778
0.00558421437935211
0.0013297192246713595
0.004394801577562567
0.003258168325335738
-0.004724535097767651
0.005737507594602955
0.00009171682430500536
0.00654876958139798
0.006743961801642789
0.01382754437416818
-0.007063749166734978
0.004074682949741695
0.006286335491799464
0.02183047573049979
0.0005738620918783687
-0.012332052597665946
-0.00850635906536534
0.007053244850058927
-0.008979437619179636
-0.000666666666666731
0.00799857274538375
-0.006029259642382176
-0.004073775365433
0.0034854114853170195
-0.0027394516383688725
-0.002597188924928222
-0.004719546642805858
-0.007216925810234818
-0.0018429227131531735
0.01217766723761702
0.004217719132893545
0.0056931616893464414
0.0027147117178125102
-0.003380438450563329
0.003052274657212988
0.007345771694851362
0.00999293123969137
0.0000543780361071039
0.0012098628015583034
0.008116992017173107
0.004164191626300516
-0.0031742737322744555
0.001963350785340336
0.0027476571316422268
-0.01587416555004283
-0.004039675383228149
0.003946987253765911
0.008619430241051914
-0.005779647169183257
0.0038212458841111285
-0.005900364167819149
-0.003304601160522963
-0.014281560944351257
-0.005176606695943701
0.0027760185146821514
-0.001152877463906094
-0.0035699978792091483
0.0038854817819990043
-0.003805887932507237
-0.005723022130581094
-0.0014798177426052822
0.0016404295581972745
0.01254056106256629
-0.00013642079290138447
0.0003738140304866757
-0.003735997398989249
0.0008282798402603703
0.0025564373583875735
-0.003811178274511221
-0.0018519283056034823
0.0020329887890124373
0.0016100676583578658
0.005032988083835428
0.002774032667963258
-0.003708766716196142
0.0013748445116325806
0.0030865303100858933
0.013554235093366953
0.0001815628933862415
0.007229679480145752
0.005251579456948653
0.01020174444877772
0.0008239988104679785
-0.0005449051369694043
0.005403790123764265
-0.004289610711629106
0.006199867769419841
0.009590498920045603
0.009497231563356232
-0.012144960846002742
0.002669705765682953
-0.025010282823694087
-0.013851472021600477
0.007791146036704401
0.007567328321233362
-0.005885013077806768
0.014784312752709992
-0.008369564548959877
-0.010153334834825596
-0.00034684613418695836
0.012831574795385171
0.008490272857231557
-0.013779744755973482
-0.005510783823654895
0.005935955455805378
-0.014307215261029654
0.003670314737072109
-0.007047938026336425
0.006340931134820585
-0.0005513447358695687
-0.002923852961609278
-0.008273622660499995
0.001722389259972825
-0.0007076589084061864
0.010300096336195145
-0.0050097059284534085
0.005114097701079811
0.010142186476676605
0.00004284752402517986
0.004321712455507247
-0.003687166577856165
0.004139093212625167
0.005230293663060301
0.0019078058993322229
0.010534617768013167
0.009407973715802029
-0.009307886352397635
0.0024849241658875362
0.007186014763878988
-0.0018420853415428552
0.004034735461967785
6.334004737829783e-6
0.010419199999999983
0.004661629963028453
0.00884789278741063
-0.006700987751367639
-0.014327721219126458
0.014307248318688988
-0.022966296377883385
-0.002836754802713734
0.0035522412500865216
0.012189135604133672
0.003544307036792955
0.0063027915121549
-0.0042949268580366705
0.004048426648816664
-0.010546091386721825
0.005172292388152331
-0.004473645638832762
0.004056691301148636
-0.0005883218120312276
0.007785060160212367
-0.0033399919069427163
0.007174278690645715
-0.008282490007762882
0.006697495382151284
-0.0024225243218864707
-0.005510347920804855
-0.0016184438630271764
0.005603015721894884
0.0013140265897144978
-0.002403259179293422
0.003249139364870591
0.004481110693795133
0.0018164597200056793
0.0010845634794355548
0.00956595856281138
0.004610723224871559
0.0023239232049013536
-0.0008641217949986117
0.012725960960359101
0.006109486843431896
-0.018309580364212194
0.008772513677932825
-0.0063031184893680165
-0.012404143859328262
0.007336539916699077
-0.0010451037873510532
0.0006906395322069432
0.0005923273859275278
0.0015952432745994242
-0.0006060885548082407
0.00565791478676814
-0.0018054122688674122
0.0005491996903307289
0.010416457735790979
-0.011538690299173282
0.01005266635961323
-0.0025633172654399164
-0.003899617996604336
0.005106053940193746
-0.0018496832916378165
0.005445471695588834
6.689813421097601e-6
0.0015074770863482874
0.004428054213381019
0.003403243885640177
0.005642965306967769
0.00019696537484561379
0.001128729567274903
-0.0009306749091402405
-0.00004755047142891635
0.007597431931116555
0.0026558693339737783
-0.0032423780174979026
-0.0031231460582213937
0.004865113028224601
-0.0020855841687067887
0.025403347380082607
0.01694202206170717
-0.011049996474155452
-0.00121845573061565
-0.004787405548624167
-0.002440303464671544
-0.009378744744370303
0.005488191334508124
-0.007589214744365125
0.011486618753320889
0.011870569759051467
-0.004135404558103573
-0.006321404569892454
0.00044822949350074246
0.006548940819851232
0.000338488226956369
0.0029209160218961775
0.003306653042688523
0.001584876159340477
-0.001709874703787324
-0.004745159513621169
0.0001624351142342725
0.00426971551779165
0.007855948074971055
-0.005226518001265677
-0.0020295923074194564
0.013026318627204388
0.002320202333172428
0.0006633547000842499
0.019862046651175098
0.00483991339880161
-0.0015935196866078555
-0.013852007595323467
-0.003985420606798403
0.0001304489618437248
0.0016987172506914055
-0.012204828867073482
-0.0237050105363382
0.00785318149104618
0.002163767501060632
-0.009379443677806566
0.010926523906639358
0.00015581398643003757
-0.000728960982894168
0.002995563442768431
-0.0030853932107195482
-0.014443932990194053
0.0004395788416050082
-0.01657128741405565
-0.0024436823623632965
0.004117064855799637
0.010269906189024576
0.0080778949873653
-0.0029661371820998857
0.00019545429161778405
-0.0061880844687405125
-0.00989092507624261
-0.003456702237615734
-0.0003216094156288677
0.007174411953218204
0.0036244163928756765
0.0008722801819327174
0.0026515440732436547
-0.00447776664478459
0.009648926966762589
-0.0057367212591652155
-0.010501822375059327
-0.0022326473307536835
-0.00007532905099085092
-0.0005407070257691137
0.001185483649919153
-0.0012797788104217235
-0.0031246375625097575
0.003958931225556321
0.01630979562287692
0.0020926923184240633
0.0031348839813026695
-0.006147768999666285
0.004049939949166398
0.02043550133956552
-0.0010676612524378264
-0.0011659486129476267
0.005073312944808006
-0.0078057979850973715
0.000844390832328145
-0.0008082584158135759
-0.0004889698326873177
0.006454695880406384
-0.008072218409751808
0.00022644126325915235
-0.0034975636930323992
-0.0000211541716026208
0.0018721167635693786
0.00710052435735987
0.0011396579601546438
-0.0001281950844305904
-0.0012518938450923564
0.002188480182492113
0.00041362981557810277
0.0006208299140115734
0.005106761438213129
0.0023292762708574536
0.019040293040293046
-0.007503708227903278
-0.0028999797001420993
-0.004316754493611505
-0.0004834159469541713
0.019080601755856564
0.016540971230818588
-0.00031382863462116057
-0.009040961999822317
-0.008909045543275724
-0.010061677721193388
0.0027171141770713572
0.00668050188095353
0.007409651015040906
-0.002314302982060373
0.016497347837813526
-0.004987140780498754
-0.000014909017719353998
-0.008125933484169593
-0.0016387633979980712
-0.00943272057210537
-0.004686976899899605
0.00623210375610577
0.0024593293005226325
0.02492024318304951
-0.002109847205015539
0.008984916552398048
0.004772706512803323
-0.01595481715629725
0.007174596947589978
-0.02226172650089627
-0.001686328222801487
0.009815731941284109
0.0014446992940335816
0.01033782258671282
0.010814675103431337
-0.007023214366626859
0.011650737625388676
-0.012620128841482746
0.008114130145476446
-0.00010645335442131199
0.023049397121742598
0.005726892925878934
0.00010954273731659419
-0.024642647272061207
-0.0022766728596229475
-0.014334819351255712
0.011078903036833662
-0.0021655510797468935
0.0013799796794202294
0.0016937180529076436
0.00048632588393536427
0.016035885795463306
-0.007387765737320382
-0.0150513285024155
-0.004403829678505499
-0.005745881122277302
-0.01111283517685234
-0.0033873592589046377
0.002517385462652691
-0.006702255594990248
-0.004278683976109391
0.00035059528157184883
-0.016147229388388674
-0.007658791565345758
-0.002496763454780833
0.005658447253399614
-0.0038835366548852887
0.0024143202045742666
0.006680137198081501
0.013644613220405714
0.003679751854507127
-0.00840750654682881
0.0011692763559247449
-0.0059344181815556745
-0.004055278333021666
0.015486612586432264
-0.000503554070030545
-0.012475046303970212
0.013779398119397024
0.007448899226403933
-0.017081464332224083
-0.011358434424353315
-0.000629038714473687
-0.010202493313900064
-0.00398861201939329
0.007504597187018493
0.003698477851889897
-0.0016079229335344359
-0.00494152295188742
-0.002816782091195974
0.013885807130433603
0.0031088901334022077
-0.007206552188696282
-0.0018711935796003486
-0.003000532009221506
0.003973877806818211
0.0011193497789820075
0.005967237570645736
-0.0011963179196963162
0.01813155956210032
0.00016048202966001686
0.003631278781178708
0.009817910293280477
0.0069006074321106845
-0.01537018170090816
-0.003869658228864862
-0.0032457844828212195
0.0061581043875577396
-0.004736987858735734
0.003356269057246796
0.0013545770058722077
0.0016722162733046606
0.004272056332218637
-0.0033401604745229843
0.0007199371156968463
0.002348973520662171
0.011025662023629569
-0.0053831914105886575
-0.0009395089401303341
0.006800035750461688
-0.006886349347239132
0.0014741177516370922
0.002160276159014203
0.0020233127282735844
-0.0004238233325899053
0.014605368378170502
0.0010950917233723126
0.008899657881302212
-0.0004569652934858905
-0.002522163895071856
-0.0015928035618122589
-0.005753887456072789
0.008679116114555093
-0.001025835866261329
0.00047134668308769387
0.0006694560669456898
0.004938686890309193
0.011107933244181198
0.00355289390189991
-0.00494789656503287
0.0023365932161425957
0.000309578354281539
0.008885765596939082
0.002261682096712422
-0.0025369615786926454
0.002943709386988171
0.00018793165552128256
0.015473918575063644
-0.0042913018004466065
0.01070708364008825
-0.012477971914685098
0.00007903076667757537
0.009035087719298188
0.008265526002637228
0.0019495690002417408
0.029825361928070726
-0.011732777987308079
0.003216121735554252
0.0032430558993910515
-0.011348339356954697
-0.008686017452910309
-0.014914076753320236
0.01688337991655539
-0.02114178317380519
0.002018323837675879
0.0011057371050371496
0.01028707364901787
-0.00024104517186517103
-0.0019086418168987851
0.043315288782536654
0.002213743658546895
0.02924042220822139
-0.0026855111508963677
-0.022095215649304736
-0.004140890878304795
-0.018648459671780585
-0.00039469464613159626
-0.016799928854969216
-0.016616182094274862
0.004817140392081655
-0.009550183961704267
0.01948051948051937
0.008624196566593554
-0.036695090601291745
0.011735600101497228
0.006295731828953881
-0.00627998255560407
0.01878180790047661
0.01610467216075132
-0.027942232506183662
-0.024737567018652363
0.00038922924824262995
0.034291465378421836
0.010536593303771243
-0.02004480979755866
0.012873006258833074
0.018808777429467
0.004554170661553204
-0.012649137410435945
0.02041869993171578
-0.01936990641689398
0.017380323347124475
-0.0029737005591219034
0.009794737106244907
0.0005439831281539418
0.03412493725442686
-0.008163300342498082
0.018303715811648344
0.017865563414742585
0.022488469201168114
-0.028450973113432722
-0.024974146845915215
0.008114259899570958
-0.02069118072453178
0.010688335698009426
0.02333623716374962
0.006082014235631678
-0.031883163632623716
-0.02939047825038053
-0.0016610054065725984
-0.009802550965863828
0.0057066768118699636
0.01718713194467799
0.013479754789533515
0.009120083973603301
0.006965682749538621
-0.02670545577198758
-0.01061220403463967
0.0286464590985547
-0.007436305868122711
-0.025281878414506603
-0.011871456817268191
0.004922006397783883
0.00234695226761879
0.028280081577158372
0.015121585135473162
-0.01556555706521733
0.013119972469565967
0.034284849886992555
0.0002581150481072723
-0.015008986104414253
-0.044593723039811045
0.0009473825413327988
-0.009738561548871321
0.021784681161510392
0.005261631873379592
0.04629001748813315
-0.044152388425029616
0.04740678541439617
-0.06663442778769035
-0.0005749664602896725
-0.04782042940793753
0.005015748973326394
-0.025556747012292803
-0.0041322314049586145
-0.006450521654224438
-0.0032339890718758113
-0.02030872261513278
-0.004104887732442078
-0.0056430387652227606
0.0009078731954160048
0.013546129246364598
-0.0006708222471792302
0.016308677534011492
-0.008129834212165912
0.0055544095288303725
-0.006716146070485487
0.0031058737553667113
-0.004433531137030147
-0.018090489656198798
-0.006961174088470517
0.010453846268723584
0.0010015845965257856
-0.0013361499473750727
0.014409680155076305
0.010119243389602357
0.00828275505718495
0.01294430122646681
0.009184437699554467
-0.011725749902610015
-0.002827975200832932
-0.006468445103124523
0.013423448793767079
0.005395202516712465
0.0030450285570034867
0.0017543582367909683
-0.01743188365285302
0.012611748425497091
0.0006687752757713804
-0.01397982932505817
0.0073775360280096715
-0.004186965928370281
-0.0009563277016257712
-0.010760214127492007
-0.009733879689856333
-0.0012247537180022823
-0.022784716027356593
0.010592742844264246
0.004080893723268527
0.0039531378978697185
0.0031832132980825164
-0.0008274061197688715
-0.011925566464407128
-0.007688300089312242
0.0021779992242741335
0.008803744224894314
-0.0003685679255643295
-0.006204355008708489
-0.008067326585845185
0.004895386266094543
-0.011111438592354736
0.008074040511331228
0.004544097895836381
0.0038199385813797748
-0.009069857197993074
-0.00685527266294169
-0.003379321491015513
-0.0017527005522105829
0.002300658591085412
0.0035554637593496427
0.006249814435438432
0.008979591836734701
-0.001592666257907333
0.00527676719083572
0.01351495482317808
0.005731185926413864
-0.011017822502424801
0.003925387213583728
0.00008368773822467871
0.0001902355877518719
-0.007776754299865571
-0.0027933171205493544
-0.004004469407803405
-0.0015199844257753215
0.002183651876364673
-0.00018006257174351718
0.00034523907806141427
0.004962928882285176
-0.0018294610994835827
0.006684654095676905
0.007060044726337401
-0.0027477546049626276
0.0031611257883724575
0.009340752500886383
0.0029139646150397533
-0.0035505784130994986
0.01498581155556951
0.004310209465188589
0.01339825599898154
-0.019494956586861213
-0.011200333233055028
-0.0060493145643572485
0.007080479650377245
-0.01887092619808797
-0.001361758787126806
0.008922778655553134
-0.008341217878363533
-0.007378077642621499
0.017218978325333964
0.0016152120827050802
-0.015739666370307936
0.005561111616207472
0.010550493836612971
-0.0009943399112744239
-0.006112023353402636
-0.020528514307413898
0.0019247554889102207
0.0030756106321840034
0.006257483000880976
-0.0032349585685120287
0.0023849828837977996
0.005507349436782891
0.0007495003331110938
-0.002785809734479739
0.004184829991281591
0.0062401306002884075
0.0028842475709585967
0.0023542403165570857
-0.0027225659419236503
0.016693621124000895
0.0076625350611905715
-0.01785247087430941
0.0022442794012168883
0.004220945181926645
0.00026339437885419223
0.005836287840417664
0.002413572243138049
-0.0012949326010984162
-0.010115673889206273
0.0013763879867619102
0.0073845578612824975
-0.0017107841612492188
0.009007595254535197
0.003725142744634785
-0.001376327172630751
-0.001844801193233041
-0.0021228927743310432
0.005007085498346638
-0.001313027274799976
0.011314843675455448
-0.00019079721436067755
-0.001508199844417171
0.0010091298440218844
0.0007713472334876244
0.000612681715827066
-0.0016443710082297484
0.003379563207396787
0.006030086281553695
0.002548415882177847
0.0008367729529236292
0.006185082940019165
-0.00512246393737055
0.000910952388629929
0.000048371493066708666
0.006001622060016295
0.003842772006382932
0.003701736465781387
0.0005150761985742275