0.8750875329002917
4.072113910626598
-3.4075793030458996
-0.6995029720439739
0.0723648345498666
0.9781999756424273
0.6338794599523518
0.07653586882929289
1.3001341881616262
1.5033042425465346
1.6136804010621182
3.3952383981004446
0.6411555735728677
-3.1192186450312596
-0.5682985982653108
-1.0086521294614892
-2.209013131715085
1.324005987510898
-0.21675283136528864
-0.6137790395457622
0.02999820010800034
0.38898397386027694
1.9083813284502749
0.9365384218243331
0.870217319980629
-2.530874537452979
-0.9009144961216955
0.49337283012000643
0.05664862677659796
0.6818725779264694
-0.4869965337603582
0.7037401825948041
0.0025516973891009107
1.2044459135608594
-0.7743674632418835
1.4047104311312504
0.7571552744295174
1.151994406868535
0.9182991688270072
-0.4061794642476954
-0.327910604565283
0.3370014853620053
0.15676739238237525
0.7023535286821289
1.5945839788770824
-1.7162710646671204
-0.3872159970945448
0.3602019703905419
0.2606447868355525
0.7815461940920991
-1.687929969542717
1.7505268917989056
0.033060180367679465
0.895146958304847
0.5216406670844195
2.5842576250542693
-0.5138590477900052
0.05781449965198887
-3.375637270853672
0.2675541634038026
0.07564667018596564
0.3007674756274627
-0.5450537996330097
1.7915561450044248
1.9309194962035
-1.8276127120003074
0.7364287106926887
-0.42157814450145104
1.200199846185807
-0.5165808490913761
1.1301189985372269
0.1515897122623541
-0.22686870397020126
1.464171600682551
0.7633499697083357
1.7584546735556625
1.6156361119728988
-1.1138643067846672
0.13173673919079487
-1.7168503315257113
2.034964662112922
0.9738531204574938
1.9478341474719048
0.5697708650213412
-0.7499391283175029
-1.114776202056195
-1.7795698289011679
-0.9208383612357527
1.2562575624570016
0.0011862818368377171
-0.20303426721202797
0.5463667799474962
2.4218816673372117
1.578986476445237
1.6958117919686697
-2.5108506811219686
-0.4540565645701335
-0.4271683968406704
0.1804415942258712
-1.183089767839709
-0.5451844041314275
0.6257611015324581
1.973971364812771
0.7587864372344248
1.3058401992959492
0.9393329026210065
1.7248600202318272
-2.5957561646070846
2.5809899052327925
-0.5690801897360787
0.6753926364157802
0.2163607476394162
-0.39755036924581627
0.6643958918834905
1.7165063891450365
2.0398561682965446
-2.8146106313768104
0.7575209124474304
0.48342724122425296
0.9351783246891078
-0.3226965454835881
1.1426802514165748
1.040335083090812
0.9285248601722522
-0.3603615924289863
2.9996548882612815
-1.112960628495415
1.1525590897882911
0.09731536524996011
0.6108722489463978
0.7519979412984104
0.8019829803791665
2.3843776051464736
-1.598536489753249
-2.5943996605854935
0.08705068048154016
-1.410838758294436
-0.4819009394985213
-0.0936537447623213
-0.6554145790115709
0.26534913450574704
-0.8903194877238639
-0.0711748643229124
1.92736962526857
2.1461551616029104
-0.4998263014980578
0.5998231199361008
-1.133863597901517
1.0006338534730315
0.19695293823812687
1.8926504377163114
1.1249834561256418
-0.193738716921323
0.6663514671552245
0.9072137282235213
-2.3689611504927117
3.1662724781319276
0.47830646317265946
-1.2905483899794412
2.5906656582093657
1.8226371061843691
-2.1182956172143834
-0.42005974857073264
1.0729120365403186
-3.585810446360635
-1.182114224798831
-2.577854917414748
1.0879491475454546
1.0000581006884919
0.4860391458555371
-0.8638402546664776
-2.596121321456754
0.4615863846175617
0.6864401342941986
0.020675887637258736
2.3145885459598667
0.47935616749613097
-0.5720823798627102
1.069487205927845
1.0742761850167182
-0.644994267539482
0.5242025429399921
2.428770534877884
-0.12474803179554254
0.5053362282499103
1.2038871007675125
0.8914492685744674
1.4283225918829443
0.7192982456140337
2.8155387567026806
-1.3595153946314866
-1.7481545050736211
0.923044845063193
7.330928997495251
-4.468272306414622
-3.77576452901846
0.21647424511545438
3.5164330039071414
-1.9098228663446077
2.1894206797817897
-0.7504613826781287
2.4847475499836658
6.3116686685350825
-2.355220405539234
1.903396012606679
-7.109316535225865
4.6237104975608085
-0.2548831142082341
-3.931009464762726
2.9993206521739273
3.2393810546617994
-3.2371629015702155
5.301663301949146
-10.732426936725005
-3.896113848676911
-2.895520166691461
2.1016001337243644
-0.2538859710948858
-1.3745627410530168
3.178140930228974
0.7404011995587093
1.5382916285380708
-0.26278934365607
-1.1810258363979922
-4.388195063931011
2.19710092077674
-1.8199719545305433
-0.5909613317020744
0.6305029100134342
-1.5442029943726938
1.0376770285917891
2.637473145312438
-0.13618277402029738
-1.4323102188959895
0.08255717084080043
1.6959372304780242
1.2691591241101643
2.9350455095156156
-2.95187281389224
-1.9710101048329252
-0.4573469357001805
0.8955178495408359
-0.9465290171007701
0.5397916540488069
1.0542422155917834
2.4100161399000264
-1.123299556877692
-0.3227749378388028
1.6116376875274594
-0.1629378955944043
1.4850383184405374
0.08832164994391395
1.0338368531485316
0.27812263192686953
1.3654749744637416
1.4659182302851463
0.6442191346434705
0.1387159581846472
-0.21013834107453921
-1.9652564888616362
2.486657674036719
0.9404203137553293
0.18555233592598702
0.34603252875810336
0.9327909930319671
0.3937109627396025
1.399456640430493
1.769156228052247
-0.06752014499062634
0.3289063196363158
2.7531506447831346
4.051156452212363
-0.568542541195645
-1.887266067328001
-0.3354181144313079
-4.303992764610429
0.6541955982364321
1.295507761293874
1.1392833304378867
2.7035910149500375
-1.285747392815749
4.930646071240983
-1.2657984710537498
-4.651844254789197
-2.1504605569692843
2.2389153536093858
3.9153902538863443
-1.8903344509717857
-0.3091161326964737
-3.678758800053808
-3.6623928670168735
4.191271784531176
-7.600685375875424
1.5671068082553967
-1.843375292303101
-0.4729010374111778
1.448462369282566
0.583608434952489
1.2120488910860732
-0.08090821601642398
0.682552884986412
1.3884058978995713
1.0134363748133803
2.0605712954083057
1.9285583774895056
-0.44656255968568553
2.937844644378482
0.4721994901750721
-1.0019834803095338
-2.0888418826018054
-4.646896707615003
1.233035855732164
-0.08090472589127748
0.9516876475914868
0.5202616478819332
2.236150645938252
-0.9336502743106221
0.2864264672558424
-0.5059250040582131
0.29032695699360633
-0.3739412506757852
2.074978845517084
1.6777330964182227
2.533369131635456
-1.9305818075812688
-1.6635842426484193
-1.382505289268244
2.339732522002066
2.9823347365588266
-1.8998500862710956
-0.02450818667697182
-0.4336033186609089
2.1827318673098492
2.590515545061004
-0.4134741627638129
-0.7178988326848245
3.165204825080782
-1.606548635865431
0.2226664555458792
0.7829408655236749
2.348869969988362
2.678000565996201
1.4169696196611221
7.008064791327791
-2.179766779419622
-3.0747495227721267
3.589543067813651
-1.7140472817911316
-3.617352284392887
0.5105894116520711
-0.2948444642421514
3.574527918447153
0.24225606466035096
2.7389356502850974
-2.586539415245928
3.4039110219710094
2.33350048395937
0.8740353849049441
-0.23237800154917548
3.259973823258517
-1.1050121047963788
2.259970095840373
-0.8481990959023846
5.757466714645551
7.868470666518797
5.686030327448547
-7.147424124937092
-1.1085251503369982
-5.808634388027918
-4.59282363750665
-0.6092065895245364
-1.5275575644271917
1.5854318168159072
-2.1373453159553897
-2.314250913520096
-6.894190649406233
4.947004401329388
3.1836507715834856
-4.562039760288361
3.5291154889593432
-0.28308240209115915
7.333896913784445
-4.179335767365951
-0.850870658348084
0.8001877273260648
-5.810715232959071
-6.593032258064517
14.11558215143948
-11.11250719857599
5.200255551639047
-0.228591524529621
-17.222055438807168
-0.6498436398474408
-6.884247024961702
2.7525315853647925
-7.418438012889784
0.5425376918804492
-3.1586414411886206
1.2621956995358536
0.011841887123121172
-1.4885326987237717
1.5607351884177014
0.45703041315231896
2.101476866741743
-3.3382928739232662
2.540630821609824
-0.6406625232369972
-0.753028743368437
-1.210907554874139
-3.006069802731403
-2.4375800374556835
1.1561299597900438
-4.883016986574548
0.2620717233893547
1.7769799335722054
-3.5538296545004693
1.6813490705895873
0.7518473039057302
-1.189918685342074
0.8226978767240887
0.6966005604500778
4.027187638167608
-1.4810002288684259
-1.0822969232679187
4.112619941910853
-2.567635641686674
5.74024753250824
-3.3354787415288065
-0.978480917747616
-2.484499298081424
1.0767786802255666
0.23111282305794048
0.810974289277359
0.1862880057457512
-1.4139149290829722
0.27661289726123717
1.4115882242640119
-4.837190047251287
-1.0704853902752534
-3.5536244517693105
-1.8771091583414174
2.850210999463912
-2.1263428383077985
-1.37659718444412
1.7689077332324978
5.252909992751671
-1.8175221695842343
-3.226089598595589
0.36798091649612125
-2.1757577364694756
-1.7482153092595436
1.9218896257792148
-2.092906865644482
-1.5321894180368298
1.2723289518031753
1.053872605207134
0.5943086056149632
-0.13488794430772577
3.276794694066163
-0.4727604747894904
1.4345105787437127
-1.4688685048365042
2.33959392618726
1.3325949500189262
-4.737928133076017
1.717837250373588
0.9081873950443811
-5.359471188463702
-0.50343042656047
2.0154599805104096
-0.43529566015472
1.3076887315618582
0.20964221062720234
-1.8608144737271812
2.5485599464166078
-1.6067168408704549
-0.8650089506213026
1.5329914892770131
-1.0008208832703995
1.3039284169909797
-0.3031066776324474
0.7888122359484434
0.11176175338799216
0.6669586014080299
1.0910353939509498
1.3767010266571729
0.738643872107508
1.4493060406567715
-1.2066585804508725
3.4312700529939733
-1.396985639129807
0.8019148493990889
-0.8110490325698991
-3.4029580191982975
-0.029516546426770568
1.3038398954146557
-0.6171431730696179
1.2716787279013502
-0.7853457673960109
0.9646865820229127
0.17909567220575318
1.0009150818253327
-1.0542348374779769
0.4533596559261132
-0.6159387284614121
0.994310139840341
-0.12157539087902028
1.091834109812214
-0.4700979311423807
0.45222038063667547
1.3657759432254253
0.08117236081115238
0.13353266470237588
-0.3096468000752393
1.1163457599344526
0.0981239290578745
1.1076066515629253
1.2405273927937115
-0.18554680193627202
1.4081621814374443
-0.12351666338300084
1.5482401465133908
-1.0439748715020016
0.6877357622596396
0.8731699394426843
-0.34605543052686816
2.426701612011937
-0.7078078337004299
0.38161331948509025
0.19867549668874024
1.542673700895822
1.0459472577252924
-2.457114902078359
-1.0037572547825038
3.307779212395094
-1.0381728158441141
-0.31524646541842094
0.3082328515531524
-1.0266421136656425
0.4302031161945338
0.2618217702016556
-1.081617230304176
-2.726047537368302
-1.4965001206854873
1.5760157524958005
0.2650298830795739
-0.6252242486239764
1.6931652330528346
-1.5981177045774058
1.0943183485600927
-0.5178202380129232
0.3376425152054672
-0.4443523506930027
2.420159876751842
-1.165292915795934
-0.5324081228943122
0.86436014746342
0.5879908743816297
0.7806265555248197
-0.40839130024234577
-1.0033340603870087
1.5745913183839544
-1.4895590562228747
-0.5241569679535385
1.274480549055331
1.215257079726902
-0.36585655572184533
-0.6412576518167726
0.9187133249164395
-0.21551553375749963
0.36660622832966727
-0.29732879807806667
2.438251801073739
0.020309352050432182
0.8867834838625024
1.0878120313833446
0.8750229829341291
0.06523048103298093
1.6076951837123206
-1.5937787440421582
-2.5108013369201885
0.9081486599871643
0.45116509667823795
-1.4278383683708937
-1.1075490543544801
1.926076747508254
0.4734879730755278
-0.4361073924720099
-0.21717039270963837
-1.4194424023072958
0.9287193620456182
-0.7228720605496286
0.3403294454010711
-0.3270725388601007
0.7093355075417892
1.2080603370026324
1.45842403134522
0.3149434361588659
-1.888580351183646
0.582638532049261
0.4704687200752637
0.410528252035926
-0.23023407130582685
0.41210862245154983
1.708979383199859
0.22969661261538665
-0.12962315478882588
1.364048925962761
-0.4517683504001377
0.8084803691944635
-1.7899283517494604
-1.4565878066390294
1.5533881253623458
-0.11581564873794155
-0.8025139806382944
-1.1663535796284723
-0.7671850274645605
-0.285839384701813
-0.0742960449738613
0.8139215539410259
-0.3772364733778982
0.3193878399733964
0.7634995264794291
1.5869907624196586
0.571981470540391
-1.4056326613311798
-0.48141146817895547
0.1851773915239296
-2.0932053236639407
0.3207751515001289
0.5285860323634195
1.2803030303030334
-0.18903591682419657
1.3997035320577313
-0.26509422740327615
-0.42303331810413386
0.7209326106963934
0.6268382825831521
3.154328577367744
1.7478332088309745
0.6732145769530322
0.03353606032866411
-1.6798260466608563
-1.1478456971202526
2.2620398897357017
-0.31430726678400805
-0.8847352024922166
-0.037369207772801685
0.9240052800301681
1.3173816130646423
0.27002618159261044
0.09313622542618788
3.0040536854678717
-0.06955083320018507
-3.854078184019796
1.0768795155412225
0.08684682049217629
-1.1575057152409387
-0.5499591125169517
-1.116956050400768
-0.7032249525742094
-0.09344064315372508
0.07498500299941216
0.19711313233097488
1.315553804269937
-0.41381278538811656
2.5348403379787143
0.8726132275620364
-1.0361038842484949
-2.3253947732115887
0.6858846026088637
-2.3417499561634063
0.4208413304925053
0.5648817112905405
-1.6304347826086978
1.9490148373749163
1.5344530693569165
-0.05316369010073331
0.4789540874068542
-3.164179627908601
-0.9078825052344462
0.5345398328252781
0.06992334653138091
-0.14836665764830517
0.5264035233942499
0.3327376917863061
0.6690415426059793
-1.3514694826651779
1.05030696524006
0.908312980229267
-0.03207927144411322
1.1482856833832074
1.5133493146924775
1.6565438598122966
1.5183419102025546
-0.9974572785401856
1.0886410886410869
2.2138938258249046
-0.8000919866236248
-0.2809176643702597
-0.4981888363868008
0.4651651479549822
1.7523398547977929
-1.5095531646054277
-0.45736936387543875
1.5186983690920743
1.3271387124598097
2.3463911320660067
-2.5390586809018236
-0.6314848637935615
1.82012424326356
-1.658608714262096
2.505883291452275
0.9848347531871274
-0.6681737251685502
0.9481496440652281
2.4062125160276278
-2.3457301249103724
-0.838106300316418
2.0310584389047808
-2.1610923412166896
-0.17860528232606715
0.8513207547169848
0.8044064839422969
-0.9912723839749324
-1.4890080535053478
2.629868811177448
-0.1419532770927946
3.8540920769976013
1.906918346979727
-1.3163189664301547
-0.08570430955127542
1.147272552146323
1.9052916284954005
0.6023501530561876
1.9975827569999227
2.9114361395831034
-1.3216960440035
2.498602180598258
-1.3184665785389995
-0.6532141103383596
5.088386717390519
3.1938871550998122
-1.7652282874487513
-0.6718627273276473
-1.1408433878867599
2.413839509646796
-1.484891947594891
-3.5603031430165513
0.2073287208516885
-2.256477981693161
-4.341007601664091
-1.0080101771294914
2.0889510120076182
3.791409641306837
-2.272930249173887
-1.6080843585237246
0.6578583669633402
-1.4309379018723156
-2.26761958524609
0.5472498286497616
2.630161678555329
3.8393499126901682
-4.282327751013222
2.770823275813671
0.9303116147308823
-0.21370662264385468
5.104344932496664
5.37098491014966
-3.5462791849355626
-3.1627580560266773
1.130839021043549
-5.129615082482329
-2.031706941665386
1.8110588762032758
-2.665954873783872
-4.656694712786957
3.6532187732161963
2.7627793759681376
5.145596053840863
-5.709615848708887
8.697000047694003
-1.0698908876437687
-7.6454631616789905
-3.662773002529317
0.49995253615163215
-2.613170626482999
-3.255522761828101
-0.09729268220040488
-2.277004870287369
-0.9560964360184152
-2.526085083266211
-1.6905766007992393
-1.1117889695236913
4.09861704850283
0.22039195569361114
-2.2517921479775658
-1.4837989644510334
-2.7862014993730315
1.2115102474325197
-1.2690062117320844
-1.0090080579893757
-0.15195566056794688
-1.1598732473846336
-0.10320543953375898
-0.9679552696446807
0.9074048394924797
4.0076439092105325
1.0382702781471511
-1.835477554961509
3.549441291648529
-3.7453216895384043
-0.9584664536741127
1.2284353753651804
-2.34516092445407
-0.7747978599996576
-0.8693264222025696
0.70346460639685
1.5088645794040023
1.4994345956245845
-1.4772836928583462
-0.42540181691124135
1.4425973841845934
-0.7484411141306729
-0.45612130550497587
1.957493907936202
1.5840919807043659
4.062125515432299
-2.3415038702543383
1.552484068088465
-2.110566573535491
2.7493317269681143
1.0567566796343801
4.398037813790908
2.285331220671583
-9.885221593717393
-3.5659434744999814
-2.4597291456810475
-0.3260934858535458
-1.383646734255212
-0.7141896887813403
-0.8596561375449767
-0.887527554634545
1.7421397911784229
-2.0188968082829892
-0.054290602790214686
1.4097665960393142
-3.067792224594092
1.640422104605677
-0.5216083195709492
0.26806135079969257
-3.5645395901846815
-0.1696774549960038
-0.06467233995568869
-3.1656203699460845
1.8980692456750714
2.374958173329717
-0.9024087919722595
1.3725929601587776
3.306406938576402
-2.317148026103254
6.1986979903764485
1.2549503230737205
-0.766161350650235
0.6627974563846196
0.8813078713833266
-2.0647804510118317
-7.751000205575847
2.4761380025604
-2.6403186999566146
-0.882762287519349
-3.022444646648461
-1.6474132852061052
-2.3720940391854155
1.3668401048009138
0.8973117879216586
1.224889759921607
1.9872386223862344
-3.46997536287809
1.4026427474941963
5.07456077929061
-5.681877502927076
-2.11403835344444
3.390265439972231
-0.8322792626245157
-0.8357145507848733
-3.0550938617508896
-0.7377833645207017
-1.8609508722988142
2.004061029842848
0.037907776816173945
4.172472115219837
0.9287250522642945
-5.621757429080408
-1.8966321550169547
0.632002298190174
-1.662601457962978
-1.9940980639759045
-0.9120107059217203
-1.7274144019148185
0.44118909708141946
1.0653281090425937
1.2352603304389094
1.3422359185070987
-0.18319400108002867
2.2434531006478853
-2.95970755593536
-0.5054117520041033
-0.9279067279922908
1.1454459395496535
1.6705623539117407
-0.04878685640860273
-1.3984213557369898
0.3678920668597986
0.6068401212311869
-1.0553321690156043
7.201637131536554
-1.6205951225084274
-4.455540094403968
6.000506127761109
-1.8814248316862576
-2.9509167395330667
1.5784762144545736
2.027914145450383
-6.607401088905021
0.8888171739378923
-0.03696435292221235
-2.5886111583936704
4.862593795267153
7.172129639848436
-0.5524255505963236
-1.0899143121815615
3.6299274014519782
-0.9457019961518188
-3.154812437946971
-3.591543434231333
2.313500624503246
0.7550623498455515
-2.9694177721041206
-1.6237245333242458
0.5179747530186734
4.157436652327381
-4.3759310128052675
1.9030310626475266
1.2228816306968056
0.12279117032687921
-0.4419214096520107
2.4782023313245523
-1.1198598929263026
-0.43027978819175705
2.1173251487556644
0.8195704370799075
1.1897025374412997
5.633000756683371
-0.5832034309733743
0.46828006420345564
-3.937066810377084
2.408401042465129
1.7469973483075858
-2.1602276976139017
-0.6044839512165544
-2.454759332968355
-0.4111284665939648
2.509025543420796
-2.895489548954897
2.300351129918076
2.6714734701423426
-0.16380961170199584
-2.0902827453785617
-2.5527574770332513
-1.1926425914782277
-2.1516437053957755
0.4517986431788323
0.8668650536938762
4.496939197055629
-0.3391023145791688
0.41115144955314725
2.117713882194021
-1.8776125023536105
1.990259939777552
-0.36811694026710845
-2.0002700027000153
-2.2492668621700926
2.398558612664693
-0.2344253209305194
-1.8278874150760196
4.124271725732476
-1.6764023967962407
-1.1562672063572346
3.8849210029991026
0.8512628624883125
-1.095596795707052
-0.7172491924248778
1.518448291939961
3.2246679073349016
0.6710650634322171
-2.657726350873345
2.437453195584096
2.1157103622937976
-4.396770617969124
0.5294893983577962
3.2794913441996614
-1.4534369319369993
-1.631484001645735
1.53440768649883
0.23916702233031042
3.1772144536670077
3.5828011773413326
-0.26437314380868376
-0.995971922429766
1.1266467863496044
-2.0686578971730527
4.29115612821684
1.6369751197623406
-1.1359527274330716
3.2020533918282865
2.457288868994343
0.7885857152256138
5.80788241027121
4.803843908946877
-4.3048075004987005
-4.3950071041013095
1.8511504132552414
-1.51605004399892